20 185 0.0033 0.0001 100.0 518.67 643.15 1597.62 1420.81 14.62 21.61 552.95 2388.11 9061.44 1.3 47.78 520.78 2388.17 8141.49 8.5035 0.03 396 2388 100.0 38.59 23.236
20 186 0.0008 -0.0 100.0 518.67 643.11 1600.42 1422.57 14.62 21.61 551.93 2388.18 9067.21 1.3 47.82 520.94 2388.09 8141.72 8.4512 0.03 394 2388 100.0 38.63 23.1286
20 187 0.0017 0.0001 100.0 518.67 643.1 1598.74 1421.44 14.62 21.61 552.81 2388.11 9070.41 1.3 47.8 521.38 2388.16 8150.52 8.44 0.03 395 2388 100.0 38.66 23.3172
20 188 0.0044 0.0003 100.0 518.67 643.5 1597.0 1421.45 14.62 21.61 552.12 2388.2 9067.56 1.3 47.97 520.92 2388.14 8143.25 8.4837 0.03 395 2388 100.0 38.72 23.2216
20 189 0.0022 -0.0004 100.0 518.67 643.05 1594.45 1418.05 14.62 21.61 552.74 2388.11 9064.61 1.3 47.89 521.26 2388.19 8144.31 8.4764 0.03 395 2388 100.0 38.61 23.2704
20 190 0.0018 -0.0002 100.0 518.67 643.63 1591.84 1416.25 14.62 21.61 552.56 2388.23 9062.61 1.3 47.64 520.29 2388.14 8144.78 8.5047 0.03 394 2388 100.0 38.52 23.2866
20 191 0.0028 0.0004 100.0 518.67 643.05 1597.64 1420.17 14.62 21.61 552.05 2388.18 9072.36 1.3 47.8 520.66 2388.18 8145.81 8.4617 0.03 395 2388 100.0 38.67 23.1973
20 192 -0.0004 0.0001 100.0 518.67 643.36 1597.5 1417.58 14.62 21.61 552.72 2388.19 9063.84 1.3 47.87 520.06 2388.19 8143.43 8.4928 0.03 396 2388 100.0 38.63 23.261
20 193 0.0018 -0.0003 100.0 518.67 643.22 1592.26 1418.62 14.62 21.61 552.52 2388.14 9072.95 1.3 48.1 520.21 2388.16 8140.34 8.4537 0.03 395 2388 100.0 38.68 23.1715
20 194 -0.0011 -0.0003 100.0 518.67 643.63 1593.07 1420.46 14.62 21.61 551.95 2388.22 9067.53 1.3 47.93 520.44 2388.1 8143.64 8.473 0.03 395 2388 100.0 38.63 23.1526
20 195 0.0007 0.0001 100.0 518.67 643.17 1596.56 1413.66 14.62 21.61 552.89 2388.19 9063.72 1.3 47.72 520.91 2388.17 8143.27 8.5006 0.03 395 2388 100.0 38.65 23.1441
20 196 -0.0002 -0.0004 100.0 518.67 642.89 1601.31 1422.88 14.62 21.61 551.74 2388.21 9063.5 1.3 47.88 520.7 2388.24 8143.94 8.4568 0.03 394 2388 100.0 38.74 23.0713
20 197 -0.0025 0.0004 100.0 518.67 642.81 1594.41 1411.02 14.62 21.61 552.88 2388.15 9066.44 1.3 47.99 520.28 2388.21 8140.37 8.4787 0.03 395 2388 100.0 38.68 23.1269
20 198 -0.0019 -0.0004 100.0 518.67 642.69 1599.15 1421.81 14.62 21.61 552.03 2388.19 9062.13 1.3 47.9 521.2 2388.18 8139.42 8.484 0.03 394 2388 100.0 38.55 23.1019
20 199 0.0035 0.0004 100.0 518.67 643.57 1591.15 1418.58 14.62 21.61 552.39 2388.15 9066.65 1.3 48.06 520.81 2388.18 8142.44 8.5218 0.03 394 2388 100.0 38.63 23.2158
20 200 0.0006 0.0001 100.0 518.67 642.95 1595.89 1422.65 14.62 21.61 552.27 2388.15 9067.13 1.3 47.86 520.99 2388.15 8143.12 8.4909 0.03 395 2388 100.0 38.52 23.2385
20 201 -0.0034 0.0002 100.0 518.67 643.24 1593.58 1417.28 14.62 21.61 551.49 2388.21 9065.01 1.3 47.92 520.29 2388.18 8143.49 8.4816 0.03 395 2388 100.0 38.52 23.07
20 202 0.0021 0.0003 100.0 518.67 643.03 1588.35 1415.63 14.62 21.61 552.29 2388.21 9071.69 1.3 47.84 520.29 2388.23 8144.02 8.4862 0.03 395 2388 100.0 38.67 23.221
20 203 0.0004 -0.0005 100.0 518.67 643.5 1600.79 1421.12 14.62 21.61 552.29 2388.16 9071.4 1.3 47.76 520.46 2388.23 8141.57 8.459 0.03 396 2388 100.0 38.58 23.0613
20 204 -0.002 0.0003 100.0 518.67 642.54 1601.47 1433.21 14.62 21.61 552.04 2388.16 9067.04 1.3 48.15 519.72 2388.17 8140.49 8.4656 0.03 396 2388 100.0 38.47 23.1044
20 205 0.0008 -0.0003 100.0 518.67 642.6 1594.3 1425.26 14.62 21.61 552.45 2388.24 9075.76 1.3 47.72 520.23 2388.23 8142.39 8.4833 0.03 395 2388 100.0 38.6 23.1094
20 206 0.0011 -0.0004 100.0 518.67 643.05 1597.72 1411.04 14.62 21.61 551.41 2388.19 9062.43 1.3 47.92 520.33 2388.17 8140.91 8.4703 0.03 396 2388 100.0 38.87 23.2369
20 207 0.0003 0.0 100.0 518.67 643.37 1596.99 1424.85 14.62 21.61 551.63 2388.19 9071.75 1.3 47.99 520.53 2388.18 8140.09 8.4903 0.03 395 2388 100.0 38.53 23.067
20 208 0.0043 0.0005 100.0 518.67 642.78 1599.24 1426.51 14.62 21.61 552.09 2388.2 9067.88 1.3 48.09 520.71 2388.15 8146.76 8.4899 0.03 394 2388 100.0 38.52 23.1406
20 209 -0.001 -0.0003 100.0 518.67 642.97 1601.54 1420.31 14.62 21.61 551.36 2388.18 9064.77 1.3 47.89 520.43 2388.18 8146.54 8.4785 0.03 395 2388 100.0 38.58 23.0521
20 210 -0.0011 -0.0002 100.0 518.67 643.66 1597.72 1420.29 14.62 21.61 552.33 2388.2 9071.39 1.3 47.96 519.74 2388.22 8141.74 8.4903 0.03 395 2388 100.0 38.58 23.2342
20 211 -0.0005 -0.0003 100.0 518.67 643.74 1595.32 1420.74 14.62 21.61 551.78 2388.25 9068.59 1.3 48.13 520.24 2388.23 8144.78 8.5043 0.03 396 2388 100.0 38.49 23.204
20 212 -0.0035 0.0004 100.0 518.67 643.6 1601.16 1420.51 14.62 21.61 552.08 2388.21 9071.16 1.3 48.02 520.01 2388.2 8141.03 8.4715 0.03 395 2388 100.0 38.67 23.1415
20 213 0.0039 -0.0005 100.0 518.67 643.61 1600.96 1426.23 14.62 21.61 551.96 2388.19 9067.78 1.3 48.04 520.45 2388.22 8148.33 8.5071 0.03 394 2388 100.0 38.69 23.1659
20 214 0.0016 -0.0005 100.0 518.67 643.6 1598.48 1423.82 14.62 21.61 551.9 2388.22 9071.33 1.3 47.96 519.91 2388.26 8143.42 8.5085 0.03 396 2388 100.0 38.55 22.9923
20 215 -0.0037 0.0002 100.0 518.67 643.71 1600.26 1427.83 14.62 21.61 551.37 2388.2 9069.39 1.3 47.95 520.48 2388.2 8143.73 8.5027 0.03 397 2388 100.0 38.42 23.1
20 216 -0.0008 -0.0001 100.0 518.67 643.72 1602.51 1426.99 14.62 21.61 551.65 2388.21 9067.06 1.3 48.01 520.13 2388.21 8144.86 8.5006 0.03 395 2388 100.0 38.64 23.0235
20 217 0.0001 0.0003 100.0 518.67 644.12 1600.51 1419.65 14.62 21.61 552.47 2388.25 9061.66 1.3 48.0 520.34 2388.22 8149.11 8.5402 0.03 395 2388 100.0 38.51 23.1025
20 218 -0.0021 0.0001 100.0 518.67 643.51 1597.19 1426.75 14.62 21.61 551.55 2388.2 9063.1 1.3 47.95 519.41 2388.24 8144.85 8.507 0.03 395 2388 100.0 38.49 23.06
20 219 0.0005 -0.0003 100.0 518.67 643.36 1600.44 1424.92 14.62 21.61 551.97 2388.22 9067.7 1.3 47.94 520.04 2388.2 8145.75 8.488 0.03 396 2388 100.0 38.3 23.1529
20 220 -0.0018 0.0003 100.0 518.67 643.41 1594.88 1426.76 14.62 21.61 552.72 2388.26 9077.09 1.3 47.99 519.72 2388.23 8144.47 8.5325 0.03 396 2388 100.0 38.64 23.1548
20 221 0.0002 0.0004 100.0 518.67 643.17 1601.99 1417.47 14.62 21.61 552.29 2388.17 9073.09 1.3 48.05 519.29 2388.2 8143.57 8.5172 0.03 395 2388 100.0 38.71 23.0966
20 222 0.0033 0.0004 100.0 518.67 643.52 1597.12 1425.51 14.62 21.61 551.92 2388.21 9070.27 1.3 48.13 520.07 2388.28 8149.67 8.4841 0.03 394 2388 100.0 38.35 23.137
20 223 -0.0023 -0.0004 100.0 518.67 643.47 1600.6 1433.5 14.62 21.61 551.66 2388.18 9074.17 1.3 48.0 520.09 2388.21 8141.72 8.5054 0.03 395 2388 100.0 38.51 23.0636
20 224 -0.0009 0.0003 100.0 518.67 643.13 1599.29 1417.01 14.62 21.61 552.3 2388.23 9072.11 1.3 47.94 519.44 2388.2 8146.11 8.514 0.03 397 2388 100.0 38.56 23.1708
20 225 -0.0004 0.0003 100.0 518.67 643.89 1595.15 1420.89 14.62 21.61 550.43 2388.22 9076.79 1.3 48.09 519.92 2388.27 8147.28 8.4936 0.03 395 2388 100.0 38.47 23.0928
20 226 -0.002 -0.0 100.0 518.67 643.49 1597.07 1425.52 14.62 21.61 551.51 2388.23 9074.17 1.3 48.04 520.1 2388.24 8140.46 8.51 0.03 395 2388 100.0 38.61 23.1189
20 227 -0.0021 -0.0002 100.0 518.67 643.3 1600.38 1426.9 14.62 21.61 551.86 2388.18 9068.48 1.3 48.19 520.43 2388.25 8139.99 8.5451 0.03 396 2388 100.0 38.43 23.0524
20 228 0.0009 0.0005 100.0 518.67 644.03 1592.36 1423.29 14.62 21.61 550.78 2388.19 9073.6 1.3 47.99 520.05 2388.22 8145.38 8.5072 0.03 395 2388 100.0 38.58 23.1634
20 229 -0.0012 0.0005 100.0 518.67 643.34 1597.71 1429.25 14.62 21.61 551.15 2388.23 9078.22 1.3 48.21 520.01 2388.22 8149.06 8.4967 0.03 395 2388 100.0 38.38 23.0636
20 230 -0.001 -0.0 100.0 518.67 643.57 1605.67 1431.45 14.62 21.61 552.2 2388.24 9072.49 1.3 48.16 520.12 2388.24 8144.08 8.4887 0.03 396 2388 100.0 38.6 23.1231
20 231 0.0022 -0.0003 100.0 518.67 643.89 1603.35 1429.72 14.62 21.61 550.84 2388.22 9075.48 1.3 48.41 519.74 2388.22 8146.48 8.48 0.03 397 2388 100.0 38.74 22.9885
20 232 -0.0003 0.0 100.0 518.67 643.85 1608.02 1432.08 14.62 21.61 551.34 2388.27 9075.69 1.3 48.17 519.28 2388.29 8139.51 8.523 0.03 397 2388 100.0 38.33 23.146
20 233 -0.0012 -0.0001 100.0 518.67 643.93 1601.9 1437.23 14.62 21.61 551.67 2388.26 9077.16 1.3 48.23 519.97 2388.23 8143.94 8.5058 0.03 396 2388 100.0 38.46 22.9783
20 234 0.0011 -0.0004 100.0 518.67 643.86 1598.43 1430.93 14.62 21.61 551.74 2388.3 9070.66 1.3 48.15 519.73 2388.25 8143.3 8.5433 0.03 397 2388 100.0 38.57 22.9964
